Matrix A:
5 5
(  96.40193,   0.00000) (  42.83447, -98.42638) ( -77.08530, -72.48052) ( -18.53297,  53.96424) ( -39.52529,  55.33924) 
(  42.83447,  98.42638) (  86.56402,   0.00000) (  38.68482, -71.56492) ( -19.43181, -61.69873) ( -55.97316, -93.80612) 
( -77.08530,  72.48052) (  38.68482,  71.56492) ( -66.33910,   0.00000) ( -68.85856, -81.10724) ( -53.88027,  12.52368) 
( -18.53297, -53.96424) ( -19.43181,  61.69873) ( -68.85856,  81.10724) (  50.11004,   0.00000) (  70.38400,  94.65941) 
( -39.52529, -55.33924) ( -55.97316,  93.80612) ( -53.88027, -12.52368) (  70.38400, -94.65941) (  78.24831,   0.00000) 
Eigenvalues:
5
-2.11927e+002 -5.38873e+001 3.55158e+001 1.13042e+002 3.62242e+002 
Eigenvectors [each column represents each eigenvector]:
5 5
(  -0.10811,  -0.09321) (  -0.19196,   0.24697) (  -0.45521,  -0.54477) (   0.06206,  -0.44628) (  -0.41804,   0.00000) 
(  -0.66030,   0.09073) (   0.27478,  -0.44311) (  -0.28049,  -0.29133) (   0.13464,   0.22977) (   0.22236,   0.00000) 
(   0.04877,   0.10903) (  -0.41681,   0.02527) (   0.01511,  -0.38046) (  -0.61247,   0.01724) (   0.53941,   0.00000) 
(   0.50756,   0.04113) (   0.44498,   0.01551) (  -0.24652,  -0.18611) (   0.30722,  -0.28237) (   0.52241,   0.00000) 
(  -0.41238,  -0.30291) (  -0.32363,   0.39109) (  -0.01585,   0.30301) (   0.36035,  -0.21602) (   0.46034,   0.00000) 
Matrix (tU*)U-I:
5 5
(4.44089e-016,0.00000e+000) (-5.55112e-017,2.77556e-017) (1.11022e-016,0.00000e+000) (1.94289e-016,1.11022e-016) (-1.66533e-016,8.32667e-017) 
(-5.55112e-017,-2.77556e-017) (0.00000e+000,0.00000e+000) (6.93889e-017,8.32667e-017) (-2.77556e-017,0.00000e+000) (1.38778e-017,-5.55112e-017) 
(1.11022e-016,0.00000e+000) (6.93889e-017,-8.32667e-017) (6.66134e-016,0.00000e+000) (-1.11022e-016,0.00000e+000) (0.00000e+000,8.32667e-017) 
(1.94289e-016,-1.11022e-016) (-2.77556e-017,0.00000e+000) (-1.11022e-016,0.00000e+000) (4.44089e-016,0.00000e+000) (-1.11022e-016,4.16334e-017) 
(-1.66533e-016,-8.32667e-017) (1.38778e-017,5.55112e-017) (0.00000e+000,-8.32667e-017) (-1.11022e-016,-4.16334e-017) (-1.11022e-016,0.00000e+000) 
Matrix V:
5 5
(  22.91243,  19.75451) (  40.68246, -52.33885) (  96.47230, 115.45253) ( -13.15196,  94.58002) (  88.59483,   0.00000) 
(  35.58206,  -4.88941) ( -14.80736,  23.87795) (  15.11492,  15.69900) (  -7.25539, -12.38170) ( -11.98219,  -0.00000) 
(   1.73207,   3.87229) ( -14.80341,   0.89748) (   0.53672, -13.51227) ( -21.75251,   0.61235) (  19.15771,   0.00000) 
(  57.37547,   4.64926) (  50.30125,   1.75350) ( -27.86710, -21.03804) (  34.72923, -31.91951) (  59.05476,  -0.00000) 
(-149.38256,-109.72612) (-117.23180, 141.67030) (  -5.74116, 109.76427) ( 130.53308, -78.25244) ( 166.75490,  -0.00000) 
Matrix V':
5 5
(  22.91243,  19.75451) (  40.68246, -52.33885) (  96.47230, 115.45253) ( -13.15196,  94.58002) (  88.59483,  -0.00000) 
(  35.58206,  -4.88941) ( -14.80736,  23.87795) (  15.11492,  15.69900) (  -7.25539, -12.38170) ( -11.98219,  -0.00000) 
(   1.73207,   3.87229) ( -14.80341,   0.89748) (   0.53672, -13.51227) ( -21.75251,   0.61235) (  19.15771,   0.00000) 
(  57.37547,   4.64926) (  50.30125,   1.75350) ( -27.86710, -21.03804) (  34.72923, -31.91951) (  59.05476,   0.00000) 
(-149.38256,-109.72612) (-117.23180, 141.67030) (  -5.74116, 109.76427) ( 130.53308, -78.25244) ( 166.75490,   0.00000) 
diffs:
5
8.56344e-014 3.38674e-014 4.05754e-014 4.30469e-014 8.58230e-014 
